connection_highIndex=12.000000;
synapse_highIndex=67.000000;
stimulation_highIndex=5.000000;
